0.000000000000000000e+00 0.000000000000000000e+00 0.000000000000000000e+00 0.000000000000000000e+00 0.000000000000000000e+00 0.000000000000000000e+00 9.077155824508320505e-04 2.390317700453857899e-02 1.730711043872919797e-01 2.490166414523449223e-01 2.517397881996974451e-01 2.832072617246595980e-01 3.343419062027231381e-01 3.161875945537064858e-01 2.335854765506807929e-01 1.409984871406959051e-01 1.512859304084720191e-01 1.349470499243570210e-01 1.349470499243570210e-01 1.349470499243570210e-01
0.000000000000000000e+00 0.000000000000000000e+00 0.000000000000000000e+00 0.000000000000000000e+00 0.000000000000000000e+00 0.000000000000000000e+00 1.149773071104387250e-02 4.689863842662632398e-02 2.175491679273827417e-01 2.701966717095309889e-01 2.759455370650529260e-01 3.506807866868381085e-01 3.709531013615733896e-01 3.543116490166414723e-01 3.068078668683812404e-01 2.450832072617246671e-01 1.927382753403933391e-01 1.927382753403933391e-01 1.927382753403933391e-01 1.927382753403933391e-01
0.000000000000000000e+00 0.000000000000000000e+00 0.000000000000000000e+00 0.000000000000000000e+00 0.000000000000000000e+00 9.379727685325264450e-03 2.420574886535552250e-02 1.512859304084720191e-01 2.535552193645990715e-01 2.701966717095309889e-01 2.928895612708017904e-01 3.570347957639939396e-01 3.603630862329803564e-01 3.512859304084720025e-01 3.373676248108926079e-01 3.019667170953101443e-01 2.695915279878971504e-01 2.529500756429651775e-01 2.529500756429651775e-01 2.529500756429651775e-01
0.000000000000000000e+00 0.000000000000000000e+00 0.000000000000000000e+00 0.000000000000000000e+00 2.118003025718608046e-03 1.573373676248109032e-02 5.658093797276853021e-02 2.184568835098335826e-01 2.871406959152798533e-01 2.762481089258698730e-01 3.479576399394856412e-01 3.521936459909228434e-01 3.606656580937973033e-01 3.600605143721634094e-01 3.509833585476550555e-01 3.258698940998487337e-01 2.904689863842662700e-01 2.880484114977306942e-01 2.807866868381240777e-01 2.807866868381240777e-01
0.000000000000000000e+00 0.000000000000000000e+00 0.000000000000000000e+00 9.077155824508320505e-04 1.059001512859304023e-02 2.571860816944024353e-02 1.564296520423600623e-01 2.708018154311648829e-01 2.898638426626323761e-01 2.865355521936460148e-01 3.515885022692889494e-01 3.567322239031769926e-01 3.642965204236006116e-01 3.652042360060514525e-01 3.630862329803328237e-01 3.497730711043872676e-01 3.210287443267775820e-01 2.971255673222390481e-01 2.971255673222390481e-01 2.971255673222390481e-01
0.000000000000000000e+00 0.000000000000000000e+00 0.000000000000000000e+00 9.682299546142207960e-03 2.329803328290468850e-02 6.142208774583964026e-02 2.142208774583963804e-01 2.928895612708017904e-01 2.847201210287443329e-01 3.409984871406959162e-01 3.458396369137670123e-01 3.546142208774584192e-01 3.642965204236006116e-01 3.706505295007564427e-01 3.700453857791225487e-01 3.621785173978819827e-01 3.452344931921331184e-01 3.328290468986384032e-01 3.328290468986384032e-01 3.328290468986384032e-01
0.000000000000000000e+00 0.000000000000000000e+00 3.328290468986384257e-03 1.966717095310136290e-02 3.177004538577912068e-02 1.555219364599092213e-01 2.659606656580937867e-01 3.004538577912254094e-01 2.874432677760968002e-01 3.403933434190620222e-01 3.246596066565809457e-01 3.612708018154311418e-01 3.667170953101361319e-01 3.724659606656580690e-01 3.676248108925869729e-01 3.664145234493192405e-01 3.488653555219364821e-01 3.328290468986384032e-01 3.328290468986384032e-01 3.328290468986384032e-01
0.000000000000000000e+00 3.025718608169440313e-03 1.603630862329803383e-02 4.266263237518910789e-02 1.252647503782148286e-01 2.139183055975794334e-01 2.922844175491679519e-01 3.034795763993948792e-01 3.382753403933433933e-01 3.207261724659606905e-01 3.325264750378214562e-01 3.361573373676248200e-01 3.676248108925869729e-01 3.724659606656580690e-01 3.703479576399394957e-01 3.649016641452345056e-01 3.488653555219364821e-01 3.328290468986384032e-01 3.328290468986384032e-01 3.328290468986384032e-01
3.025718608169440313e-03 1.240544629349470476e-02 5.930408472012102528e-02 5.143721633888048705e-02 1.555219364599092213e-01 2.611195158850226905e-01 3.004538577912254094e-01 3.391830559757942343e-01 2.968229954614221011e-01 3.216338880484114759e-01 3.307110438729198298e-01 3.385779122541603403e-01 3.709531013615733896e-01 3.679273827534039198e-01 3.700453857791225487e-01 3.649016641452345056e-01 3.488653555219364821e-01 3.328290468986384032e-01 3.328290468986384032e-01 3.328290468986384032e-01
1.210287443267776125e-02 5.839636913767019821e-02 5.869894099848713825e-02 1.249621785173978816e-01 2.136157337367624864e-01 2.904689863842662700e-01 3.043872919818456646e-01 3.397881996974281282e-01 2.995461422087745684e-01 3.240544629349470518e-01 3.358547655068078730e-01 3.409984871406959162e-01 3.709531013615733896e-01 3.642965204236006116e-01 3.694402420574886547e-01 3.649016641452345056e-01 3.488653555219364821e-01 3.328290468986384032e-01 3.328290468986384032e-01 3.328290468986384032e-01
