7.796666666666666190e-01 7.796666666666666190e-01 7.796666666666666190e-01 7.796666666666666190e-01 7.796666666666666190e-01 7.796666666666666190e-01 7.794666666666666410e-01 7.824666666666666437e-01 8.010666666666667046e-01 8.110000000000000542e-01 8.117999999999999661e-01 8.157333333333333103e-01 8.213333333333333597e-01 8.199333333333332918e-01 8.095333333333333270e-01 7.993999999999999995e-01 7.998666666666666147e-01 7.984666666666666579e-01 7.984666666666666579e-01 7.984666666666666579e-01
7.796666666666666190e-01 7.796666666666666190e-01 7.796666666666666190e-01 7.796666666666666190e-01 7.796666666666666190e-01 7.796666666666666190e-01 7.810000000000000275e-01 7.856666666666666243e-01 8.067333333333333023e-01 8.129999999999999449e-01 8.140666666666667162e-01 8.227333333333333165e-01 8.225333333333333385e-01 8.222000000000000419e-01 8.195333333333333359e-01 8.121333333333333737e-01 8.064000000000000057e-01 8.064000000000000057e-01 8.064000000000000057e-01 8.064000000000000057e-01
7.796666666666666190e-01 7.796666666666666190e-01 7.796666666666666190e-01 7.796666666666666190e-01 7.796666666666666190e-01 7.810000000000000275e-01 7.823999999999999844e-01 8.004666666666666597e-01 8.116666666666666474e-01 8.131333333333333746e-01 8.167333333333333112e-01 8.224666666666666792e-01 8.233333333333333615e-01 8.235999999999999988e-01 8.229999999999999538e-01 8.184666666666666757e-01 8.154000000000000137e-01 8.134666666666666712e-01 8.134666666666666712e-01 8.134666666666666712e-01
7.796666666666666190e-01 7.796666666666666190e-01 7.796666666666666190e-01 7.796666666666666190e-01 7.797333333333332783e-01 7.813333333333333242e-01 7.870666666666666922e-01 8.069333333333332803e-01 8.142666666666666941e-01 8.141333333333333755e-01 8.226666666666666572e-01 8.231333333333333835e-01 8.234000000000000208e-01 8.243333333333333623e-01 8.242666666666667030e-01 8.209333333333332927e-01 8.167999999999999705e-01 8.171333333333333782e-01 8.162666666666666959e-01 8.162666666666666959e-01
7.796666666666666190e-01 7.796666666666666190e-01 7.796666666666666190e-01 7.794666666666666410e-01 7.808666666666667089e-01 7.824666666666666437e-01 8.011333333333333639e-01 8.130666666666667153e-01 8.148666666666666281e-01 8.165999999999999925e-01 8.231333333333333835e-01 8.239333333333332954e-01 8.245333333333333403e-01 8.245999999999999996e-01 8.235333333333333394e-01 8.230666666666666131e-01 8.199999999999999512e-01 8.170666666666667188e-01 8.170666666666667188e-01 8.170666666666667188e-01
7.796666666666666190e-01 7.796666666666666190e-01 7.796666666666666190e-01 7.805999999999999606e-01 7.820666666666666877e-01 7.873999999999999888e-01 8.067333333333333023e-01 8.149333333333332874e-01 8.152666666666666950e-01 8.225333333333333385e-01 8.227333333333333165e-01 8.237333333333333174e-01 8.244000000000000217e-01 8.242666666666667030e-01 8.230666666666666131e-01 8.222000000000000419e-01 8.202666666666666995e-01 8.187333333333333130e-01 8.187333333333333130e-01 8.187333333333333130e-01
7.796666666666666190e-01 7.796666666666666190e-01 7.797333333333332783e-01 7.813999999999999835e-01 7.830666666666666886e-01 8.011333333333333639e-01 8.117999999999999661e-01 8.161333333333333773e-01 8.169333333333332892e-01 8.224666666666666792e-01 8.224000000000000199e-01 8.246666666666666590e-01 8.244000000000000217e-01 8.236666666666666581e-01 8.227999999999999758e-01 8.217333333333333156e-01 8.203333333333333588e-01 8.187333333333333130e-01 8.187333333333333130e-01 8.187333333333333130e-01
7.796666666666666190e-01 7.798000000000000487e-01 7.812666666666666648e-01 7.854666666666666464e-01 7.977333333333332943e-01 8.065999999999999837e-01 8.151333333333333764e-01 8.174000000000000155e-01 8.227333333333333165e-01 8.219333333333332936e-01 8.232000000000000428e-01 8.238666666666666361e-01 8.242000000000000437e-01 8.232666666666667021e-01 8.221333333333333826e-01 8.214000000000000190e-01 8.203333333333333588e-01 8.187333333333333130e-01 8.187333333333333130e-01 8.187333333333333130e-01
7.798000000000000487e-01 7.804666666666666419e-01 7.877333333333332854e-01 7.865333333333333066e-01 8.011333333333333639e-01 8.121333333333333737e-01 8.161333333333333773e-01 8.231333333333333835e-01 8.204000000000000181e-01 8.224666666666666792e-01 8.227999999999999758e-01 8.241333333333333844e-01 8.246666666666666590e-01 8.223333333333333606e-01 8.215999999999999970e-01 8.214000000000000190e-01 8.203333333333333588e-01 8.187333333333333130e-01 8.187333333333333130e-01 8.187333333333333130e-01
7.803999999999999826e-01 7.872666666666666702e-01 7.873999999999999888e-01 7.976666666666666350e-01 8.065999999999999837e-01 8.148666666666666281e-01 8.175999999999999934e-01 8.228666666666666352e-01 8.203333333333333588e-01 8.222000000000000419e-01 8.236666666666666581e-01 8.244666666666666810e-01 8.241333333333333844e-01 8.209999999999999520e-01 8.215999999999999970e-01 8.214000000000000190e-01 8.203333333333333588e-01 8.187333333333333130e-01 8.187333333333333130e-01 8.187333333333333130e-01
