1.000000000000000000e+00 1.000000000000000000e+00 1.000000000000000000e+00 1.000000000000000000e+00 1.000000000000000000e+00 1.000000000000000000e+00 9.994869602394185204e-01 9.968362548097478015e-01 9.785378366823428431e-01 9.698161607524583561e-01 9.700726806327489848e-01 9.662248824283882209e-01 9.589568191534844077e-01 9.622915775972638031e-01 9.722958529286019891e-01 9.854638734501923736e-01 9.831551945275759374e-01 9.859769132107738532e-01 9.859769132107738532e-01 9.859769132107738532e-01
1.000000000000000000e+00 1.000000000000000000e+00 1.000000000000000000e+00 1.000000000000000000e+00 1.000000000000000000e+00 1.000000000000000000e+00 9.984608807182556722e-01 9.944420692603677114e-01 9.732364258230012943e-01 9.663958956819153068e-01 9.661393758016246780e-01 9.561351004702864920e-01 9.501496365968362667e-01 9.544249679350149673e-01 9.644292432663531534e-01 9.723813595553655320e-01 9.798204360837965421e-01 9.798204360837965421e-01 9.798204360837965421e-01 9.798204360837965421e-01
1.000000000000000000e+00 1.000000000000000000e+00 1.000000000000000000e+00 1.000000000000000000e+00 1.000000000000000000e+00 9.990594271056006948e-01 9.966652415562206047e-01 9.839247541684480458e-01 9.693886276186404194e-01 9.665669089354425036e-01 9.647712697734074361e-01 9.539974348011971417e-01 9.541684480547242275e-01 9.570756733646857972e-01 9.602394185549379957e-01 9.644292432663531534e-01 9.696451474989311592e-01 9.718683197947840524e-01 9.718683197947840524e-01 9.718683197947840524e-01
1.000000000000000000e+00 1.000000000000000000e+00 1.000000000000000000e+00 1.000000000000000000e+00 9.994869602394185204e-01 9.976913210773834528e-01 9.935014963659684062e-01 9.732364258230012943e-01 9.632321504916631083e-01 9.661393758016246780e-01 9.568191534843950574e-01 9.562206070970500349e-01 9.541684480547242275e-01 9.555365540829414694e-01 9.580162462590851025e-01 9.608379649422830182e-01 9.655408294142796555e-01 9.666524155622060466e-01 9.675929884566053518e-01 9.675929884566053518e-01
1.000000000000000000e+00 1.000000000000000000e+00 1.000000000000000000e+00 9.994869602394185204e-01 9.985463873450192152e-01 9.963232150491663219e-01 9.833262077811030233e-01 9.663103890551517638e-01 9.632321504916631083e-01 9.663958956819153068e-01 9.563916203505771207e-01 9.559640872167592951e-01 9.545959811885421642e-01 9.544249679350149673e-01 9.536554082941427479e-01 9.568191534843950574e-01 9.610089781958102151e-01 9.640017101325352167e-01 9.640017101325352167e-01 9.640017101325352167e-01
1.000000000000000000e+00 1.000000000000000000e+00 1.000000000000000000e+00 9.984608807182556722e-01 9.964942283026934078e-01 9.925609234715691009e-01 9.741769987174005996e-01 9.624625908507908889e-01 9.651988029072252617e-01 9.586147926464301250e-01 9.575032064985036229e-01 9.563061137238135778e-01 9.544249679350149673e-01 9.524583155194527029e-01 9.510902094912355720e-01 9.522017956391620741e-01 9.545104745617785102e-01 9.560495938435228380e-01 9.560495938435228380e-01 9.560495938435228380e-01
1.000000000000000000e+00 1.000000000000000000e+00 9.991449337323642377e-01 9.966652415562206047e-01 9.953826421547670167e-01 9.835827276613937631e-01 9.660538691748610240e-01 9.618640444634458664e-01 9.665669089354425036e-01 9.587002992731936679e-01 9.630611372381359114e-01 9.556220607097050124e-01 9.537409149209064019e-01 9.511757161179991149e-01 9.514322359982898547e-01 9.504061564771270065e-01 9.535699016673792050e-01 9.560495938435228380e-01 9.560495938435228380e-01 9.560495938435228380e-01
1.000000000000000000e+00 9.993159469858914346e-01 9.975203078238563670e-01 9.953826421547670167e-01 9.877725523728089208e-01 9.740914920906370567e-01 9.628901239846088256e-01 9.626336041043180858e-01 9.596408721675929732e-01 9.635741769987173910e-01 9.618640444634458664e-01 9.616930312099187805e-01 9.532278751603249223e-01 9.506626763574177463e-01 9.498076100897819840e-01 9.504061564771270065e-01 9.535699016673792050e-01 9.560495938435228380e-01 9.560495938435228380e-01 9.560495938435228380e-01
9.993159469858914346e-01 9.975203078238563670e-01 9.935870029927319491e-01 9.942710560068405146e-01 9.835827276613937631e-01 9.678495083368960916e-01 9.618640444634458664e-01 9.598973920478837130e-01 9.683625480974775712e-01 9.640017101325352167e-01 9.618640444634458664e-01 9.613510047028644978e-01 9.528858486532706396e-01 9.507481829841812893e-01 9.492090637024369615e-01 9.504061564771270065e-01 9.535699016673792050e-01 9.560495938435228380e-01 9.560495938435228380e-01 9.560495938435228380e-01
9.975203078238563670e-01 9.932449764856776664e-01 9.933304831124412093e-01 9.877725523728089208e-01 9.741769987174005996e-01 9.630611372381359114e-01 9.626336041043180858e-01 9.593843522873022334e-01 9.675074818298418089e-01 9.629756306113723685e-01 9.615220179563915837e-01 9.610944848225737580e-01 9.522017956391620741e-01 9.500641299700727238e-01 9.493800769559640473e-01 9.504061564771270065e-01 9.535699016673792050e-01 9.560495938435228380e-01 9.560495938435228380e-01 9.560495938435228380e-01
