0.000000000000000000e+00 0.000000000000000000e+00 0.000000000000000000e+00 0.000000000000000000e+00 0.000000000000000000e+00 0.000000000000000000e+00 0.000000000000000000e+00 0.000000000000000000e+00 0.000000000000000000e+00 0.000000000000000000e+00 0.000000000000000000e+00 0.000000000000000000e+00 0.000000000000000000e+00 0.000000000000000000e+00 0.000000000000000000e+00 0.000000000000000000e+00 0.000000000000000000e+00 0.000000000000000000e+00 0.000000000000000000e+00 0.000000000000000000e+00
4.541326067211626065e-03 3.633060853769300505e-03 0.000000000000000000e+00 0.000000000000000000e+00 0.000000000000000000e+00 0.000000000000000000e+00 0.000000000000000000e+00 0.000000000000000000e+00 0.000000000000000000e+00 0.000000000000000000e+00 0.000000000000000000e+00 0.000000000000000000e+00 0.000000000000000000e+00 0.000000000000000000e+00 0.000000000000000000e+00 0.000000000000000000e+00 0.000000000000000000e+00 0.000000000000000000e+00 0.000000000000000000e+00 0.000000000000000000e+00
7.266121707538601010e-03 7.266121707538601010e-03 6.660611565243717593e-03 6.660611565243717593e-03 9.082652134423252130e-03 9.082652134423252130e-03 9.082652134423252130e-03 6.660611565243717593e-03 6.357856494096276317e-03 6.357856494096276317e-03 6.357856494096276317e-03 6.357856494096276317e-03 6.357856494096276317e-03 6.357856494096276317e-03 6.357856494096276317e-03 6.357856494096276317e-03 6.357856494096276317e-03 6.357856494096276317e-03 6.357856494096276317e-03 6.357856494096276317e-03
1.059642749016045937e-02 1.029367241901301896e-02 9.688162276718134680e-03 9.688162276718134680e-03 1.120193763245534366e-02 1.120193763245534366e-02 1.089918256130790152e-02 1.089918256130790152e-02 1.059642749016045937e-02 1.059642749016045937e-02 1.059642749016045937e-02 1.059642749016045937e-02 1.059642749016045937e-02 1.059642749016045937e-02 1.059642749016045937e-02 1.059642749016045937e-02 1.059642749016045937e-02 1.059642749016045937e-02 1.059642749016045937e-02 1.059642749016045937e-02
1.513775355737208630e-02 1.453224341507720202e-02 1.392673327278231947e-02 1.362397820163487733e-02 1.332122313048743519e-02 1.362397820163487733e-02 1.362397820163487733e-02 1.332122313048743519e-02 1.301846805933999478e-02 1.271571298819255263e-02 1.271571298819255263e-02 1.271571298819255263e-02 1.271571298819255263e-02 1.271571298819255263e-02 1.271571298819255263e-02 1.271571298819255263e-02 1.271571298819255263e-02 1.271571298819255263e-02 1.271571298819255263e-02 1.271571298819255263e-02
2.149561005146836262e-02 2.179836512261580303e-02 2.119285498032091875e-02 2.119285498032091875e-02 2.119285498032091875e-02 2.058734483802603793e-02 1.998183469573115364e-02 2.028458976687859405e-02 1.998183469573115364e-02 1.998183469573115364e-02 1.998183469573115364e-02 1.998183469573115364e-02 1.998183469573115364e-02 1.998183469573115364e-02 1.967907962458371324e-02 1.967907962458371324e-02 1.967907962458371324e-02 1.967907962458371324e-02 1.967907962458371324e-02 1.967907962458371324e-02
2.512867090523766139e-02 2.331214047835301201e-02 2.240387526491068731e-02 2.240387526491068731e-02 2.361489554950045242e-02 2.361489554950045242e-02 2.300938540720557160e-02 2.149561005146836262e-02 2.089009990917347834e-02 2.028458976687859405e-02 2.028458976687859405e-02 1.998183469573115364e-02 1.998183469573115364e-02 1.998183469573115364e-02 1.998183469573115364e-02 1.998183469573115364e-02 1.967907962458371324e-02 1.967907962458371324e-02 1.967907962458371324e-02 1.967907962458371324e-02
2.664244626097487037e-02 2.512867090523766139e-02 2.300938540720557160e-02 2.361489554950045242e-02 2.422040569179533670e-02 2.391765062064789629e-02 2.300938540720557160e-02 2.179836512261580303e-02 2.089009990917347834e-02 2.058734483802603793e-02 2.028458976687859405e-02 1.998183469573115364e-02 1.998183469573115364e-02 1.998183469573115364e-02 1.998183469573115364e-02 1.998183469573115364e-02 1.967907962458371324e-02 1.967907962458371324e-02 1.967907962458371324e-02 1.967907962458371324e-02
2.755071147441719506e-02 2.452316076294278058e-02 2.391765062064789629e-02 2.422040569179533670e-02 2.482591583409022098e-02 2.391765062064789629e-02 2.331214047835301201e-02 2.179836512261580303e-02 2.119285498032091875e-02 2.058734483802603793e-02 2.058734483802603793e-02 1.998183469573115364e-02 1.998183469573115364e-02 1.998183469573115364e-02 1.998183469573115364e-02 1.998183469573115364e-02 1.967907962458371324e-02 1.967907962458371324e-02 1.967907962458371324e-02 1.967907962458371324e-02
2.724795640326975465e-02 2.512867090523766139e-02 2.482591583409022098e-02 2.452316076294278058e-02 2.482591583409022098e-02 2.422040569179533670e-02 2.331214047835301201e-02 2.210112019376324691e-02 2.119285498032091875e-02 2.058734483802603793e-02 2.058734483802603793e-02 1.998183469573115364e-02 1.998183469573115364e-02 1.998183469573115364e-02 1.998183469573115364e-02 1.998183469573115364e-02 1.967907962458371324e-02 1.967907962458371324e-02 1.967907962458371324e-02 1.967907962458371324e-02
