7.798000000000000487e-01 7.798000000000000487e-01 7.798000000000000487e-01 7.798000000000000487e-01 7.798000000000000487e-01 7.798000000000000487e-01 7.798000000000000487e-01 7.798000000000000487e-01 7.798000000000000487e-01 7.798000000000000487e-01 7.798000000000000487e-01 7.798000000000000487e-01 7.798000000000000487e-01 7.798000000000000487e-01 7.798000000000000487e-01 7.798000000000000487e-01 7.798000000000000487e-01 7.798000000000000487e-01 7.798000000000000487e-01 7.798000000000000487e-01
7.806666666666666199e-01 7.804666666666666419e-01 7.798000000000000487e-01 7.798000000000000487e-01 7.798000000000000487e-01 7.798000000000000487e-01 7.798000000000000487e-01 7.798000000000000487e-01 7.798000000000000487e-01 7.798000000000000487e-01 7.798000000000000487e-01 7.798000000000000487e-01 7.798000000000000487e-01 7.798000000000000487e-01 7.798000000000000487e-01 7.798000000000000487e-01 7.798000000000000487e-01 7.798000000000000487e-01 7.798000000000000487e-01 7.798000000000000487e-01
7.812666666666666648e-01 7.812666666666666648e-01 7.811333333333333462e-01 7.811333333333333462e-01 7.816666666666666208e-01 7.816666666666666208e-01 7.816666666666666208e-01 7.811333333333333462e-01 7.810666666666666869e-01 7.810666666666666869e-01 7.810666666666666869e-01 7.810666666666666869e-01 7.810666666666666869e-01 7.810666666666666869e-01 7.810666666666666869e-01 7.810666666666666869e-01 7.810666666666666869e-01 7.810666666666666869e-01 7.810666666666666869e-01 7.810666666666666869e-01
7.820000000000000284e-01 7.819333333333333691e-01 7.818000000000000504e-01 7.818000000000000504e-01 7.817333333333332801e-01 7.817333333333332801e-01 7.816666666666666208e-01 7.816666666666666208e-01 7.815999999999999615e-01 7.815999999999999615e-01 7.815999999999999615e-01 7.815999999999999615e-01 7.815999999999999615e-01 7.815999999999999615e-01 7.815999999999999615e-01 7.815999999999999615e-01 7.815999999999999615e-01 7.815999999999999615e-01 7.815999999999999615e-01 7.815999999999999615e-01
7.825999999999999623e-01 7.824666666666666437e-01 7.823333333333333250e-01 7.822666666666666657e-01 7.820666666666666877e-01 7.820000000000000284e-01 7.820000000000000284e-01 7.819333333333333691e-01 7.818666666666667098e-01 7.818000000000000504e-01 7.818000000000000504e-01 7.818000000000000504e-01 7.818000000000000504e-01 7.818000000000000504e-01 7.818000000000000504e-01 7.818000000000000504e-01 7.818000000000000504e-01 7.818000000000000504e-01 7.818000000000000504e-01 7.818000000000000504e-01
7.830000000000000293e-01 7.828666666666667107e-01 7.822000000000000064e-01 7.822666666666666657e-01 7.819333333333333691e-01 7.825333333333333030e-01 7.824666666666666437e-01 7.824666666666666437e-01 7.822666666666666657e-01 7.823333333333333250e-01 7.823999999999999844e-01 7.826666666666666217e-01 7.827333333333332810e-01 7.827333333333332810e-01 7.826666666666666217e-01 7.826666666666666217e-01 7.826666666666666217e-01 7.826666666666666217e-01 7.826666666666666217e-01 7.826666666666666217e-01
7.818000000000000504e-01 7.818000000000000504e-01 7.818666666666667098e-01 7.815333333333333021e-01 7.819333333333333691e-01 7.823333333333333250e-01 7.825333333333333030e-01 7.820666666666666877e-01 7.820666666666666877e-01 7.820000000000000284e-01 7.822666666666666657e-01 7.823333333333333250e-01 7.824666666666666437e-01 7.826666666666666217e-01 7.827333333333332810e-01 7.827333333333332810e-01 7.826666666666666217e-01 7.826666666666666217e-01 7.826666666666666217e-01 7.826666666666666217e-01
7.813333333333333242e-01 7.817333333333332801e-01 7.813333333333333242e-01 7.815999999999999615e-01 7.822000000000000064e-01 7.822000000000000064e-01 7.823999999999999844e-01 7.820000000000000284e-01 7.820666666666666877e-01 7.820666666666666877e-01 7.822666666666666657e-01 7.823333333333333250e-01 7.824666666666666437e-01 7.826666666666666217e-01 7.827333333333332810e-01 7.827333333333332810e-01 7.826666666666666217e-01 7.826666666666666217e-01 7.826666666666666217e-01 7.826666666666666217e-01
7.808000000000000496e-01 7.812666666666666648e-01 7.813999999999999835e-01 7.814666666666666428e-01 7.821333333333333471e-01 7.822000000000000064e-01 7.821333333333333471e-01 7.819333333333333691e-01 7.821333333333333471e-01 7.820666666666666877e-01 7.823333333333333250e-01 7.823333333333333250e-01 7.824666666666666437e-01 7.826666666666666217e-01 7.827333333333332810e-01 7.827333333333332810e-01 7.826666666666666217e-01 7.826666666666666217e-01 7.826666666666666217e-01 7.826666666666666217e-01
7.804666666666666419e-01 7.812666666666666648e-01 7.815333333333333021e-01 7.813333333333333242e-01 7.821333333333333471e-01 7.822000000000000064e-01 7.822000000000000064e-01 7.819333333333333691e-01 7.820666666666666877e-01 7.820666666666666877e-01 7.823333333333333250e-01 7.823333333333333250e-01 7.824666666666666437e-01 7.826666666666666217e-01 7.827333333333332810e-01 7.827333333333332810e-01 7.826666666666666217e-01 7.826666666666666217e-01 7.826666666666666217e-01 7.826666666666666217e-01
