1.000000000000000000e+00 1.000000000000000000e+00 1.000000000000000000e+00 1.000000000000000000e+00 1.000000000000000000e+00 1.000000000000000000e+00 1.000000000000000000e+00 1.000000000000000000e+00 1.000000000000000000e+00 1.000000000000000000e+00 1.000000000000000000e+00 1.000000000000000000e+00 1.000000000000000000e+00 1.000000000000000000e+00 1.000000000000000000e+00 1.000000000000000000e+00 1.000000000000000000e+00 1.000000000000000000e+00 1.000000000000000000e+00 1.000000000000000000e+00
9.998290159870052429e-01 9.998290159870052429e-01 1.000000000000000000e+00 1.000000000000000000e+00 1.000000000000000000e+00 1.000000000000000000e+00 1.000000000000000000e+00 1.000000000000000000e+00 1.000000000000000000e+00 1.000000000000000000e+00 1.000000000000000000e+00 1.000000000000000000e+00 1.000000000000000000e+00 1.000000000000000000e+00 1.000000000000000000e+00 1.000000000000000000e+00 1.000000000000000000e+00 1.000000000000000000e+00 1.000000000000000000e+00 1.000000000000000000e+00
9.998290159870052429e-01 9.998290159870052429e-01 9.998290159870052429e-01 9.998290159870052429e-01 9.998290159870052429e-01 9.998290159870052429e-01 9.998290159870052429e-01 9.998290159870052429e-01 9.998290159870052429e-01 9.998290159870052429e-01 9.998290159870052429e-01 9.998290159870052429e-01 9.998290159870052429e-01 9.998290159870052429e-01 9.998290159870052429e-01 9.998290159870052429e-01 9.998290159870052429e-01 9.998290159870052429e-01 9.998290159870052429e-01 9.998290159870052429e-01
9.998290159870052429e-01 9.998290159870052429e-01 9.998290159870052429e-01 9.998290159870052429e-01 9.993160639480208607e-01 9.993160639480208607e-01 9.993160639480208607e-01 9.993160639480208607e-01 9.993160639480208607e-01 9.993160639480208607e-01 9.993160639480208607e-01 9.993160639480208607e-01 9.993160639480208607e-01 9.993160639480208607e-01 9.993160639480208607e-01 9.993160639480208607e-01 9.993160639480208607e-01 9.993160639480208607e-01 9.993160639480208607e-01 9.993160639480208607e-01
9.993160639480208607e-01 9.993160639480208607e-01 9.993160639480208607e-01 9.993160639480208607e-01 9.991450799350261036e-01 9.989740959220312355e-01 9.989740959220312355e-01 9.989740959220312355e-01 9.989740959220312355e-01 9.989740959220312355e-01 9.989740959220312355e-01 9.989740959220312355e-01 9.989740959220312355e-01 9.989740959220312355e-01 9.989740959220312355e-01 9.989740959220312355e-01 9.989740959220312355e-01 9.989740959220312355e-01 9.989740959220312355e-01 9.989740959220312355e-01
9.980336838505600161e-01 9.977772078310678250e-01 9.970932717790886857e-01 9.971787637855860087e-01 9.967513037530990605e-01 9.976917158245703909e-01 9.977772078310678250e-01 9.976917158245703909e-01 9.975207318115756339e-01 9.976062238180729569e-01 9.976917158245703909e-01 9.980336838505600161e-01 9.981191758570573391e-01 9.981191758570573391e-01 9.981191758570573391e-01 9.981191758570573391e-01 9.981191758570573391e-01 9.981191758570573391e-01 9.981191758570573391e-01 9.981191758570573391e-01
9.954689236556382159e-01 9.959818756946225982e-01 9.963238437206121123e-01 9.958963836881251641e-01 9.960673677011199212e-01 9.965803197401043034e-01 9.970077797725912516e-01 9.968367957595964945e-01 9.970077797725912516e-01 9.970932717790886857e-01 9.974352398050781998e-01 9.976062238180729569e-01 9.977772078310678250e-01 9.980336838505600161e-01 9.981191758570573391e-01 9.981191758570573391e-01 9.981191758570573391e-01 9.981191758570573391e-01 9.981191758570573391e-01 9.981191758570573391e-01
9.944430195776694514e-01 9.953834316491407819e-01 9.954689236556382159e-01 9.956399076686329730e-01 9.962383517141146783e-01 9.963238437206121123e-01 9.968367957595964945e-01 9.966658117466017375e-01 9.970077797725912516e-01 9.970932717790886857e-01 9.974352398050781998e-01 9.976062238180729569e-01 9.977772078310678250e-01 9.980336838505600161e-01 9.981191758570573391e-01 9.981191758570573391e-01 9.981191758570573391e-01 9.981191758570573391e-01 9.981191758570573391e-01 9.981191758570573391e-01
9.935026075061981210e-01 9.949559716166538337e-01 9.952979396426434588e-01 9.952979396426434588e-01 9.959818756946225982e-01 9.963238437206121123e-01 9.964093357271095464e-01 9.965803197401043034e-01 9.970077797725912516e-01 9.970932717790886857e-01 9.974352398050781998e-01 9.976062238180729569e-01 9.977772078310678250e-01 9.980336838505600161e-01 9.981191758570573391e-01 9.981191758570573391e-01 9.981191758570573391e-01 9.981191758570573391e-01 9.981191758570573391e-01 9.981191758570573391e-01
9.931606394802086069e-01 9.947849876036590766e-01 9.952124476361460248e-01 9.950414636231512677e-01 9.959818756946225982e-01 9.962383517141146783e-01 9.964948277336068694e-01 9.964948277336068694e-01 9.969222877660938176e-01 9.970932717790886857e-01 9.974352398050781998e-01 9.976062238180729569e-01 9.977772078310678250e-01 9.980336838505600161e-01 9.981191758570573391e-01 9.981191758570573391e-01 9.981191758570573391e-01 9.981191758570573391e-01 9.981191758570573391e-01 9.981191758570573391e-01
