1.000000000000000000e+00 1.000000000000000000e+00 1.000000000000000000e+00 1.000000000000000000e+00 1.000000000000000000e+00 1.000000000000000000e+00 1.000000000000000000e+00 1.000000000000000000e+00 1.000000000000000000e+00 1.000000000000000000e+00
1.000000000000000000e+00 1.000000000000000000e+00 1.000000000000000000e+00 1.000000000000000000e+00 1.000000000000000000e+00 1.000000000000000000e+00 1.000000000000000000e+00 1.000000000000000000e+00 1.000000000000000000e+00 1.000000000000000000e+00
1.000000000000000000e+00 1.000000000000000000e+00 1.000000000000000000e+00 1.000000000000000000e+00 1.000000000000000000e+00 1.000000000000000000e+00 1.000000000000000000e+00 1.000000000000000000e+00 1.000000000000000000e+00 1.000000000000000000e+00
1.000000000000000000e+00 1.000000000000000000e+00 1.000000000000000000e+00 1.000000000000000000e+00 1.000000000000000000e+00 1.000000000000000000e+00 1.000000000000000000e+00 1.000000000000000000e+00 1.000000000000000000e+00 1.000000000000000000e+00
9.988903115663678722e-01 9.995731967562953013e-01 9.998292787025181427e-01 9.999146393512590159e-01 1.000000000000000000e+00 1.000000000000000000e+00 1.000000000000000000e+00 1.000000000000000000e+00 1.000000000000000000e+00 1.000000000000000000e+00
9.960734101579171718e-01 9.965002134016218704e-01 9.976952624839948713e-01 9.982074263764404431e-01 9.991463935125907136e-01 9.996585574050362855e-01 9.994878361075544282e-01 9.994878361075544282e-01 9.994878361075544282e-01 9.994878361075544282e-01
9.945369184805804563e-01 9.947076397780623136e-01 9.956466069142125841e-01 9.965002134016218704e-01 9.973538198890311568e-01 9.983781476739223004e-01 9.994878361075544282e-01 9.994878361075544282e-01 9.994878361075544282e-01 9.994878361075544282e-01
9.941101152368757576e-01 9.939393939393939004e-01 9.948783610755441709e-01 9.961587708066581559e-01 9.970123772940674423e-01 9.982074263764404431e-01 9.994878361075544282e-01 9.994878361075544282e-01 9.994878361075544282e-01 9.994878361075544282e-01
9.935979513444301858e-01 9.932565087494664713e-01 9.943661971830985991e-01 9.954758856167307268e-01 9.970123772940674423e-01 9.982074263764404431e-01 9.994878361075544282e-01 9.994878361075544282e-01 9.994878361075544282e-01 9.994878361075544282e-01
9.930004268032437409e-01 9.930004268032437409e-01 9.939393939393939004e-01 9.953905249679897427e-01 9.970123772940674423e-01 9.982074263764404431e-01 9.994878361075544282e-01 9.994878361075544282e-01 9.994878361075544282e-01 9.994878361075544282e-01
