7.810000000000000275e-01 7.810000000000000275e-01 7.810000000000000275e-01 7.810000000000000275e-01 7.810000000000000275e-01 7.810000000000000275e-01 7.810000000000000275e-01 7.810000000000000275e-01 7.810000000000000275e-01 7.810000000000000275e-01
7.810000000000000275e-01 7.810000000000000275e-01 7.810000000000000275e-01 7.810000000000000275e-01 7.810000000000000275e-01 7.810000000000000275e-01 7.810000000000000275e-01 7.810000000000000275e-01 7.810000000000000275e-01 7.810000000000000275e-01
7.810000000000000275e-01 7.810000000000000275e-01 7.810000000000000275e-01 7.810000000000000275e-01 7.810000000000000275e-01 7.810000000000000275e-01 7.810000000000000275e-01 7.810000000000000275e-01 7.810000000000000275e-01 7.810000000000000275e-01
7.810000000000000275e-01 7.810000000000000275e-01 7.810000000000000275e-01 7.810000000000000275e-01 7.810000000000000275e-01 7.810000000000000275e-01 7.810000000000000275e-01 7.810000000000000275e-01 7.810000000000000275e-01 7.810000000000000275e-01
7.809333333333333682e-01 7.808000000000000496e-01 7.810666666666666869e-01 7.810000000000000275e-01 7.810000000000000275e-01 7.810000000000000275e-01 7.810000000000000275e-01 7.810000000000000275e-01 7.810000000000000275e-01 7.810000000000000275e-01
7.812000000000000055e-01 7.810000000000000275e-01 7.808666666666667089e-01 7.804666666666666419e-01 7.806666666666666199e-01 7.810000000000000275e-01 7.808666666666667089e-01 7.808666666666667089e-01 7.808666666666667089e-01 7.808666666666667089e-01
7.810666666666666869e-01 7.800666666666666860e-01 7.805333333333333012e-01 7.803333333333333233e-01 7.805333333333333012e-01 7.804666666666666419e-01 7.808666666666667089e-01 7.808666666666667089e-01 7.808666666666667089e-01 7.808666666666667089e-01
7.806666666666666199e-01 7.800000000000000266e-01 7.801333333333333453e-01 7.803999999999999826e-01 7.805333333333333012e-01 7.803999999999999826e-01 7.808666666666667089e-01 7.808666666666667089e-01 7.808666666666667089e-01 7.808666666666667089e-01
7.805333333333333012e-01 7.795999999999999597e-01 7.799333333333333673e-01 7.800000000000000266e-01 7.805999999999999606e-01 7.803999999999999826e-01 7.808666666666667089e-01 7.808666666666667089e-01 7.808666666666667089e-01 7.808666666666667089e-01
7.805333333333333012e-01 7.793999999999999817e-01 7.796666666666666190e-01 7.800000000000000266e-01 7.805999999999999606e-01 7.803999999999999826e-01 7.808666666666667089e-01 7.808666666666667089e-01 7.808666666666667089e-01 7.808666666666667089e-01
