7.747333333333333849e-01 7.747333333333333849e-01 7.747333333333333849e-01 7.747333333333333849e-01 7.747333333333333849e-01 7.747333333333333849e-01 7.747333333333333849e-01 7.747333333333333849e-01 7.747333333333333849e-01 7.747333333333333849e-01 7.747333333333333849e-01 7.747333333333333849e-01 7.747333333333333849e-01 7.747333333333333849e-01 7.747333333333333849e-01 7.747333333333333849e-01 7.747333333333333849e-01 7.747333333333333849e-01 7.747333333333333849e-01 7.747333333333333849e-01
7.747333333333333849e-01 7.747333333333333849e-01 7.747333333333333849e-01 7.747333333333333849e-01 7.747333333333333849e-01 7.747333333333333849e-01 7.747333333333333849e-01 7.747333333333333849e-01 7.747333333333333849e-01 7.747333333333333849e-01 7.747333333333333849e-01 7.747333333333333849e-01 7.747333333333333849e-01 7.747333333333333849e-01 7.747333333333333849e-01 7.747333333333333849e-01 7.747333333333333849e-01 7.747333333333333849e-01 7.747333333333333849e-01 7.747333333333333849e-01
7.747333333333333849e-01 7.747333333333333849e-01 7.747333333333333849e-01 7.747333333333333849e-01 7.747333333333333849e-01 7.747333333333333849e-01 7.747333333333333849e-01 7.747333333333333849e-01 7.747333333333333849e-01 7.747333333333333849e-01 7.747333333333333849e-01 7.747333333333333849e-01 7.747333333333333849e-01 7.747333333333333849e-01 7.747333333333333849e-01 7.747333333333333849e-01 7.747333333333333849e-01 7.747333333333333849e-01 7.747333333333333849e-01 7.747333333333333849e-01
7.749333333333333629e-01 7.750000000000000222e-01 7.748000000000000442e-01 7.748000000000000442e-01 7.748000000000000442e-01 7.748000000000000442e-01 7.748000000000000442e-01 7.748000000000000442e-01 7.747333333333333849e-01 7.746666666666666146e-01 7.748666666666667036e-01 7.747333333333333849e-01 7.746666666666666146e-01 7.746666666666666146e-01 7.747333333333333849e-01 7.747333333333333849e-01 7.747333333333333849e-01 7.747333333333333849e-01 7.747333333333333849e-01 7.747333333333333849e-01
7.759333333333333638e-01 7.758000000000000451e-01 7.758666666666667044e-01 7.758000000000000451e-01 7.759333333333333638e-01 7.758666666666667044e-01 7.757333333333333858e-01 7.757333333333333858e-01 7.755333333333332968e-01 7.756666666666666154e-01 7.753333333333333188e-01 7.748666666666667036e-01 7.747333333333333849e-01 7.748000000000000442e-01 7.746666666666666146e-01 7.746666666666666146e-01 7.747333333333333849e-01 7.747333333333333849e-01 7.747333333333333849e-01 7.747333333333333849e-01
7.766666666666666163e-01 7.765333333333332977e-01 7.768666666666667053e-01 7.769333333333333647e-01 7.770000000000000240e-01 7.770666666666666833e-01 7.768000000000000460e-01 7.762666666666666604e-01 7.760000000000000231e-01 7.755333333333332968e-01 7.752666666666666595e-01 7.752000000000000002e-01 7.744666666666666366e-01 7.747333333333333849e-01 7.744666666666666366e-01 7.745333333333332959e-01 7.745333333333332959e-01 7.745333333333332959e-01 7.745333333333332959e-01 7.745333333333332959e-01
7.758666666666667044e-01 7.760666666666666824e-01 7.763333333333333197e-01 7.768000000000000460e-01 7.772000000000000020e-01 7.770000000000000240e-01 7.770666666666666833e-01 7.760000000000000231e-01 7.760000000000000231e-01 7.757333333333333858e-01 7.748000000000000442e-01 7.748000000000000442e-01 7.743333333333333179e-01 7.739333333333333620e-01 7.743999999999999773e-01 7.743999999999999773e-01 7.745333333333332959e-01 7.745333333333332959e-01 7.745333333333332959e-01 7.745333333333332959e-01
7.763333333333333197e-01 7.758000000000000451e-01 7.762000000000000011e-01 7.770000000000000240e-01 7.768000000000000460e-01 7.770666666666666833e-01 7.765999999999999570e-01 7.760000000000000231e-01 7.760000000000000231e-01 7.750000000000000222e-01 7.744666666666666366e-01 7.746666666666666146e-01 7.740666666666666806e-01 7.739333333333333620e-01 7.744666666666666366e-01 7.743999999999999773e-01 7.745333333333332959e-01 7.745333333333332959e-01 7.745333333333332959e-01 7.745333333333332959e-01
7.760666666666666824e-01 7.759333333333333638e-01 7.760666666666666824e-01 7.766666666666666163e-01 7.765333333333332977e-01 7.764666666666666384e-01 7.768666666666667053e-01 7.760000000000000231e-01 7.758666666666667044e-01 7.748666666666667036e-01 7.743333333333333179e-01 7.740000000000000213e-01 7.736666666666666137e-01 7.740000000000000213e-01 7.744666666666666366e-01 7.743999999999999773e-01 7.745333333333332959e-01 7.745333333333332959e-01 7.745333333333332959e-01 7.745333333333332959e-01
7.762000000000000011e-01 7.756666666666666154e-01 7.764666666666666384e-01 7.763999999999999790e-01 7.763999999999999790e-01 7.766666666666666163e-01 7.770000000000000240e-01 7.758666666666667044e-01 7.751333333333333409e-01 7.743333333333333179e-01 7.743333333333333179e-01 7.737333333333333840e-01 7.738000000000000433e-01 7.740000000000000213e-01 7.744666666666666366e-01 7.743999999999999773e-01 7.745333333333332959e-01 7.745333333333332959e-01 7.745333333333332959e-01 7.745333333333332959e-01
