1.000000000000000000e+00 1.000000000000000000e+00 1.000000000000000000e+00 1.000000000000000000e+00 1.000000000000000000e+00 1.000000000000000000e+00 1.000000000000000000e+00 1.000000000000000000e+00 1.000000000000000000e+00 1.000000000000000000e+00 1.000000000000000000e+00 1.000000000000000000e+00 1.000000000000000000e+00 1.000000000000000000e+00 1.000000000000000000e+00 1.000000000000000000e+00 1.000000000000000000e+00 1.000000000000000000e+00 1.000000000000000000e+00 1.000000000000000000e+00
1.000000000000000000e+00 1.000000000000000000e+00 1.000000000000000000e+00 1.000000000000000000e+00 1.000000000000000000e+00 1.000000000000000000e+00 1.000000000000000000e+00 1.000000000000000000e+00 1.000000000000000000e+00 1.000000000000000000e+00 1.000000000000000000e+00 1.000000000000000000e+00 1.000000000000000000e+00 1.000000000000000000e+00 1.000000000000000000e+00 1.000000000000000000e+00 1.000000000000000000e+00 1.000000000000000000e+00 1.000000000000000000e+00 1.000000000000000000e+00
1.000000000000000000e+00 1.000000000000000000e+00 1.000000000000000000e+00 1.000000000000000000e+00 1.000000000000000000e+00 1.000000000000000000e+00 1.000000000000000000e+00 1.000000000000000000e+00 1.000000000000000000e+00 1.000000000000000000e+00 1.000000000000000000e+00 1.000000000000000000e+00 1.000000000000000000e+00 1.000000000000000000e+00 1.000000000000000000e+00 1.000000000000000000e+00 1.000000000000000000e+00 1.000000000000000000e+00 1.000000000000000000e+00 1.000000000000000000e+00
9.994836933138284696e-01 9.996557955425522390e-01 9.996557955425522390e-01 9.996557955425522390e-01 9.996557955425522390e-01 9.996557955425522390e-01 9.996557955425522390e-01 9.997418466569142348e-01 1.000000000000000000e+00 9.999139488856381153e-01 9.999139488856381153e-01 9.999139488856381153e-01 9.999139488856381153e-01 9.999139488856381153e-01 1.000000000000000000e+00 1.000000000000000000e+00 1.000000000000000000e+00 1.000000000000000000e+00 1.000000000000000000e+00 1.000000000000000000e+00
9.988813355132949434e-01 9.988813355132949434e-01 9.989673866276568281e-01 9.988813355132949434e-01 9.988813355132949434e-01 9.987952843989329477e-01 9.986231821702090672e-01 9.985371310558471825e-01 9.986231821702090672e-01 9.988813355132949434e-01 9.993976421994664738e-01 9.994836933138284696e-01 9.997418466569142348e-01 9.998278977712761195e-01 9.999139488856381153e-01 9.999139488856381153e-01 1.000000000000000000e+00 1.000000000000000000e+00 1.000000000000000000e+00 1.000000000000000000e+00
9.954392909388176669e-01 9.956113931675415474e-01 9.969882109973323692e-01 9.978487221409517716e-01 9.976766199122278911e-01 9.976766199122278911e-01 9.975905687978658953e-01 9.970742621116943649e-01 9.972463643404182454e-01 9.974184665691421259e-01 9.976766199122278911e-01 9.981068754840375368e-01 9.977626710265897758e-01 9.983650288271233020e-01 9.989673866276568281e-01 9.994836933138284696e-01 9.994836933138284696e-01 9.994836933138284696e-01 9.994836933138284696e-01 9.994836933138284696e-01
9.937182686515790841e-01 9.947508820239222560e-01 9.970742621116943649e-01 9.975045176835040106e-01 9.974184665691421259e-01 9.969021598829704844e-01 9.965579554255227235e-01 9.957834953962654279e-01 9.964719043111608388e-01 9.966440065398847192e-01 9.962998020824369583e-01 9.958695465106273126e-01 9.960416487393511931e-01 9.960416487393511931e-01 9.972463643404182454e-01 9.981929265983994215e-01 9.994836933138284696e-01 9.994836933138284696e-01 9.994836933138284696e-01 9.994836933138284696e-01
9.946648309095602603e-01 9.957834953962654279e-01 9.967300576542466040e-01 9.971603132260562496e-01 9.964719043111608388e-01 9.963858531967989540e-01 9.958695465106273126e-01 9.955253420531795516e-01 9.958695465106273126e-01 9.957834953962654279e-01 9.947508820239222560e-01 9.947508820239222560e-01 9.950950864813699059e-01 9.957834953962654279e-01 9.971603132260562496e-01 9.981929265983994215e-01 9.994836933138284696e-01 9.994836933138284696e-01 9.994836933138284696e-01 9.994836933138284696e-01
9.956113931675415474e-01 9.957834953962654279e-01 9.962137509680750735e-01 9.962998020824369583e-01 9.957834953962654279e-01 9.955253420531795516e-01 9.958695465106273126e-01 9.955253420531795516e-01 9.957834953962654279e-01 9.944066775664744950e-01 9.938903708803028536e-01 9.934601153084932079e-01 9.945787797951983755e-01 9.958695465106273126e-01 9.971603132260562496e-01 9.981929265983994215e-01 9.994836933138284696e-01 9.994836933138284696e-01 9.994836933138284696e-01 9.994836933138284696e-01
9.956113931675415474e-01 9.950950864813699059e-01 9.960416487393511931e-01 9.955253420531795516e-01 9.953532398244557822e-01 9.957834953962654279e-01 9.956113931675415474e-01 9.951811375957319017e-01 9.946648309095602603e-01 9.932019619654074427e-01 9.932880130797694385e-01 9.933740641941313232e-01 9.945787797951983755e-01 9.958695465106273126e-01 9.971603132260562496e-01 9.981929265983994215e-01 9.994836933138284696e-01 9.994836933138284696e-01 9.994836933138284696e-01 9.994836933138284696e-01
