0.000000000000000000e+00 0.000000000000000000e+00 0.000000000000000000e+00 0.000000000000000000e+00 0.000000000000000000e+00 0.000000000000000000e+00 0.000000000000000000e+00 0.000000000000000000e+00 0.000000000000000000e+00 0.000000000000000000e+00 0.000000000000000000e+00 0.000000000000000000e+00 0.000000000000000000e+00 0.000000000000000000e+00 0.000000000000000000e+00 0.000000000000000000e+00 0.000000000000000000e+00 0.000000000000000000e+00 0.000000000000000000e+00 0.000000000000000000e+00
0.000000000000000000e+00 0.000000000000000000e+00 0.000000000000000000e+00 0.000000000000000000e+00 0.000000000000000000e+00 0.000000000000000000e+00 0.000000000000000000e+00 0.000000000000000000e+00 0.000000000000000000e+00 0.000000000000000000e+00 0.000000000000000000e+00 0.000000000000000000e+00 0.000000000000000000e+00 0.000000000000000000e+00 0.000000000000000000e+00 0.000000000000000000e+00 0.000000000000000000e+00 0.000000000000000000e+00 0.000000000000000000e+00 0.000000000000000000e+00
0.000000000000000000e+00 0.000000000000000000e+00 0.000000000000000000e+00 0.000000000000000000e+00 0.000000000000000000e+00 0.000000000000000000e+00 0.000000000000000000e+00 0.000000000000000000e+00 0.000000000000000000e+00 0.000000000000000000e+00 0.000000000000000000e+00 0.000000000000000000e+00 0.000000000000000000e+00 0.000000000000000000e+00 0.000000000000000000e+00 0.000000000000000000e+00 0.000000000000000000e+00 0.000000000000000000e+00 0.000000000000000000e+00 0.000000000000000000e+00
2.663509914175791592e-03 2.367564368156259338e-03 1.479727730097661923e-03 1.479727730097661923e-03 1.479727730097661923e-03 1.479727730097661923e-03 1.479727730097661923e-03 1.183782184078129669e-03 0.000000000000000000e+00 0.000000000000000000e+00 8.878366380585971974e-04 2.959455460195324172e-04 0.000000000000000000e+00 0.000000000000000000e+00 0.000000000000000000e+00 0.000000000000000000e+00 0.000000000000000000e+00 0.000000000000000000e+00 0.000000000000000000e+00 0.000000000000000000e+00
9.174311926605505096e-03 8.582420834566440587e-03 8.582420834566440587e-03 8.582420834566440587e-03 9.174311926605505096e-03 9.174311926605505096e-03 9.174311926605505096e-03 9.470257472625037351e-03 8.286475288546906598e-03 7.990529742527374343e-03 4.735128736312518676e-03 2.367564368156259338e-03 8.878366380585971974e-04 8.878366380585971974e-04 0.000000000000000000e+00 0.000000000000000000e+00 0.000000000000000000e+00 0.000000000000000000e+00 0.000000000000000000e+00 0.000000000000000000e+00
2.426753477360165875e-02 2.308375258952352627e-02 1.982835158330866973e-02 1.716484166913288117e-02 1.805267830719147620e-02 1.834862385321101019e-02 1.746078721515241169e-02 1.686889612311334719e-02 1.509322284699615192e-02 1.242971293282036163e-02 1.035809411068363411e-02 8.582420834566440587e-03 6.510802012429713070e-03 5.622965374371115439e-03 2.367564368156259338e-03 8.878366380585971974e-04 8.878366380585971974e-04 8.878366380585971974e-04 8.878366380585971974e-04 8.878366380585971974e-04
2.663509914175791679e-02 2.397158922758212476e-02 1.716484166913288117e-02 1.775673276117194568e-02 1.982835158330866973e-02 2.071618822136726823e-02 2.219591595146493124e-02 2.012429712932820372e-02 1.775673276117194568e-02 1.598105948505474869e-02 1.302160402485942614e-02 1.450133175495708741e-02 1.183782184078129539e-02 1.006214856466410186e-02 7.990529742527374343e-03 4.735128736312518676e-03 8.878366380585971974e-04 8.878366380585971974e-04 8.878366380585971974e-04 8.878366380585971974e-04
2.545131695767978777e-02 1.923646049126960522e-02 1.775673276117194568e-02 1.982835158330866973e-02 2.130807931340633274e-02 2.278780704350399575e-02 2.249186149748446176e-02 2.101213376738680222e-02 1.982835158330866973e-02 1.568511393903521817e-02 1.686889612311334719e-02 1.775673276117194568e-02 1.390944066291802290e-02 1.094998520272269862e-02 8.582420834566440587e-03 4.735128736312518676e-03 8.878366380585971974e-04 8.878366380585971974e-04 8.878366380585971974e-04 8.878366380585971974e-04
2.101213376738680222e-02 1.982835158330866973e-02 1.894051494525007470e-02 2.130807931340633274e-02 2.249186149748446176e-02 2.308375258952352627e-02 2.367564368156259078e-02 2.101213376738680222e-02 1.953240603728913921e-02 1.982835158330866973e-02 1.923646049126960522e-02 1.923646049126960522e-02 1.390944066291802290e-02 1.094998520272269862e-02 8.582420834566440587e-03 4.735128736312518676e-03 8.878366380585971974e-04 8.878366380585971974e-04 8.878366380585971974e-04 8.878366380585971974e-04
2.160402485942586673e-02 2.101213376738680222e-02 2.130807931340633274e-02 2.278780704350399575e-02 2.337969813554306026e-02 2.308375258952352627e-02 2.515537141166025378e-02 2.160402485942586673e-02 2.012429712932820372e-02 2.160402485942586673e-02 2.130807931340633274e-02 1.834862385321101019e-02 1.450133175495708741e-02 1.094998520272269862e-02 8.582420834566440587e-03 4.735128736312518676e-03 8.878366380585971974e-04 8.878366380585971974e-04 8.878366380585971974e-04 8.878366380585971974e-04
