0.000000000000000000e+00 0.000000000000000000e+00 0.000000000000000000e+00 0.000000000000000000e+00 0.000000000000000000e+00 0.000000000000000000e+00 0.000000000000000000e+00 0.000000000000000000e+00 0.000000000000000000e+00 0.000000000000000000e+00
0.000000000000000000e+00 0.000000000000000000e+00 0.000000000000000000e+00 0.000000000000000000e+00 0.000000000000000000e+00 0.000000000000000000e+00 0.000000000000000000e+00 0.000000000000000000e+00 0.000000000000000000e+00 0.000000000000000000e+00
0.000000000000000000e+00 0.000000000000000000e+00 0.000000000000000000e+00 0.000000000000000000e+00 0.000000000000000000e+00 0.000000000000000000e+00 0.000000000000000000e+00 0.000000000000000000e+00 0.000000000000000000e+00 0.000000000000000000e+00
0.000000000000000000e+00 0.000000000000000000e+00 0.000000000000000000e+00 0.000000000000000000e+00 0.000000000000000000e+00 0.000000000000000000e+00 0.000000000000000000e+00 0.000000000000000000e+00 0.000000000000000000e+00 0.000000000000000000e+00
3.652968036529680249e-03 6.088280060882801138e-04 9.132420091324200623e-04 3.044140030441400569e-04 0.000000000000000000e+00 0.000000000000000000e+00 0.000000000000000000e+00 0.000000000000000000e+00 0.000000000000000000e+00 0.000000000000000000e+00
1.491628614916286170e-02 1.248097412480974125e-02 7.610350076103500339e-03 3.957382039573820523e-03 1.522070015220700068e-03 1.217656012176560228e-03 1.217656012176560228e-03 1.217656012176560228e-03 1.217656012176560228e-03 1.217656012176560228e-03
1.978691019786910088e-02 1.461187214611872100e-02 1.339421613394216164e-02 9.436834094368341114e-03 7.305936073059360499e-03 3.348554033485540409e-03 1.217656012176560228e-03 1.217656012176560228e-03 1.217656012176560228e-03 1.217656012176560228e-03
1.948249619482496364e-02 1.704718417047184145e-02 1.430745814307458202e-02 1.095890410958904118e-02 8.523592085235920726e-03 3.652968036529680249e-03 1.217656012176560228e-03 1.217656012176560228e-03 1.217656012176560228e-03 1.217656012176560228e-03
2.070015220700152300e-02 1.765601217656012287e-02 1.522070015220700068e-02 1.156773211567732086e-02 8.828006088280061434e-03 3.652968036529680249e-03 1.217656012176560228e-03 1.217656012176560228e-03 1.217656012176560228e-03 1.217656012176560228e-03
2.283105022831050102e-02 1.765601217656012287e-02 1.552511415525114138e-02 1.187214611872146157e-02 8.828006088280061434e-03 3.652968036529680249e-03 1.217656012176560228e-03 1.217656012176560228e-03 1.217656012176560228e-03 1.217656012176560228e-03
